838
1893
515
1805
1027
1862
1661
355
1050
632
2022
1693
2012
220
1586
981
282
1458
838
1509
1425
1276
1359
137
269
1431
644
1651
894
1134
1977
228
1137
1223
743
952
837
586
2003
1469
1137
922
1805
676
1391
87
1406
367
1084
272
1131
1931
1944
1400
1316
541
492
1698
1675
1957
1414
254
1133
1645
1206
1971
185
650
881
235
1787
1804
2040
1951
1148
1568
2038
2043
1423
564
1803
508
448
1701
1396
1252
195
1377
391
1359
1287
1805
1613
374
892
260
1833
1077
911
667
800
139
1959
281
549
1337
1570
545
202
87
1836
710
536
1490
1594
1276
1174
412
1668
2021
1700
914
1075
1562
1806
823
1348
324
1222
1503
1124
1362
1416
893
894
1965
1719
417
1998
1921
2040
1787
72
529
719
1154
1293
1893
1567
914
1355
708
1829
383
223
1076
1206
1571
1401
382
515
2013
1232
1931
860
79
1849
2031
1288
1429
2024
1029
1501
2041
1748
96
1288
1082
1663
1690
390
324
960
261
2037
955
1094
1391
1337
1610
1357
1494
1705
89
785
1725
1609
1107
1586
543
1581
244
1681
822
814
785
2000
692
598
914
953
633
904
1397
1728
1783
175
1291
1093
186
226
240
1810
1011
1453
1372
526
912
1069
1586
446
802
1220
756
1616
2006
709
1797
557
1111
191
678
1503
1588
359
1239
1764
1138
1821
1438
1365
1201
1864
1467
527
1878
957
927
901
497
1373
1703
1717
1617
760
1164
1814
510
1209
879
702
1888
335
1778
200
1063
1495
827
837
886
145
339
1576
1497
1294
1329
205
471
1718
702
1844
1374
1907
902
1622
1025
157
1621
187
1036
276
860
1542
1764
1411
479
544
201
853
177
540
382
1674
1322
1973
444
1527
397
115
1717
1729
977
1578
72
553
230
127
1766
754
1938
1283
1102
1433
1000
466
1400
1032
667
207
1209
695
77
324
2018
769
986
1936
884
657
1619
1350
188
1691
1903
1767
1409
1518
1486
117
1409
722
1219
283
1722
1686
1684
707
1841
1379
1404
2025
1456
1729
1996
948
451
423
838
823
1080
1945
126
756
1589
1517
476
952
988
1963
557
1885
126
1776
122
1337
1415
1294
2044
698
626
890
676
1570
572
113
472
511
536
1310
822
1105
1208
437
1861
238
1954
291
678
384
1742
1235
222
1868
453
1879
1158
1356
614
644
728
1534
171
252
1594
284
724
309
1522
368
1414
171
805
1228
1944
201
1007
64
73
702
787
1830
1240
1151
1170
1765
1814
447
789
1752
187
336
2036
399
1929
1833
1409
251
1200
1580
544
1917
965
233
877
1029
306
1068
1305
1625
1080
498
729
203
536
1982
1506
70
382
1783
1822
73
1299
456
1490
1086
1865
1229
1774
886
1262
1644
1340
1495
2010
322
1290
1031
1627
868
64
1614
1085
1802
1638
1020
749
1708
891
486
971
948
559
224
893
1537
798
199
720
525
1086
1982
123
379
918
86
189
161
605
1305
517
669
872
1090
1959
1998
64
662
1148
955
636
72
1391
683
1831
237
173
582
1972
893
596
499
316
719
366
1235
293
555
884
898
1348
890
1055
173
1980
455
1660
1532
605
761
440
1241
833
1320
1924
106
1045
176
970
432
772
1469
237
979
1323
1472
1272
1879
1844
1658
1180
687
154
842
621
98
1990
106
703
704
1945
1025
843
1310
1131
1376
849
1308
300
1282
1257
1519
501
534
432
1261
1901
229
361
522
405
515
852
1026
101
795
620
805
987
143
191
2013
474
1501
1097
1851
1839
1893
1639
1074
1415
337
1916
359
466
1130
1748
183
979
224
588
1495
564
1102
1596
848
1211
1889
1835
842
1568
1801
1317
1023
340
1121
303
1721
201
1377
1089
538
899
446
386
853
1065
87
1036
2044
1846
1625
980
364
168
700
1379
1395
2023
175
917
1266
980
1428
1606
1589
1731
768
1790
1061
1346
1816
1448
1792
155
254
298
243
1290
296
1577
356
764
1429
525
782
82
1392
131
1055
1048
1325
2035
1964
372
1577
1648
628
808
150
1974
578
1598
1720
733
1852
2018
464
1095
1802
2042
940
520
1424
953
790
995
298
921
542
1354
1457
1355
830
1374
1727
361
463
308
1169
613
236
1235
164
1444
1457
1504
903
1921
659
1404
981
667
270
1934
1457
753
1720
1867
1295
515
765
603
1346
1628
1818
1195
1614
1852
658
1850
529
310
735
1986
1815
1639
1348
1856
1786
194
278
406
464
1700
1351
705
1373
1171
2000
1377
1937
556
164
1006
1862
847
1050
1429
140
1196
721
669
995
1456
608
251
536
1445
275
1639
338
169
1591
1526
1521
249
852
133
202
1717
1558
246
1881
517
1596
681
1056
978
822
1740
1699
979
688
597
1588
939
1133
474
487
897
66
313
1066
1145
1839
1394
133
162
1084
1850
1720
818
1685
1726
367
1854
735
1345
117
428
486
1097
605
1083
126
1544
169
600
2032
554
154
1833
1621
1299
1626
1137
134
1759
1299
706
1562
461
1524
688
1675
1379
2031
363
165
1636
279
651
686
884
1734
300
1917
1392
388
1390
1946
1176
1008
817
243
99
951
2002
886
1657
1006
835
622
1182
463
2001
654
314
120
244
82
259
418
454
1994
719
324
827
595
1202
726
626
1867
1735
1443
1322
1883
161
981
513
485
1604
1695
948
1046
303
751
1166
833
1426
453
1287
861
1172
1100
1688
1768
255
1902
1882
75
1590
1278
139
353
1114
1693
159
488
1141
1342
924
140
1133
1675
795
1168
461
1709
1622
1237
523
235
290
1699
1491
1554
1326
109
586
1783
939
1160
1429
942
697
1076
1430
1838
1906
308
1467
481
1471
215
1137
1421
1924
712
611
1935
436
389
1587
1927
422
582
695
1168
741
1802
1389
672
1003
1236
1922
1366
1096
1718
274
1577
1142
489
667
516
1901
868
1127
1277
792
1004
305
160
1427
888
855
1446
1544
1596
1202
1605
427
1362
467
552
1972
1321
1648
1643
1596
666
738
1573
821
743
916
1177
1358
1681
1969
316
1987
83
1743
316
426
630
1860
1511
1320
1419
1938
636
957
1893
1188
882
655
277
478
1739
943
704
1266
1252
1447
1670
383
759
1304
1840
563
732
1923
259
1048
1838
377
350
1302
1698
1257
681
287
167
527
963
1049
1182
1240
1015
875
136
1207
1629
876
608
740
1259
855
1532
1053
1418
218
417
1165
754
208
1542
1104
998
681
314
1679
968
481
1694
1931
1530
318
612
2033
1193
236
1194
263
1113
1290
491
325
1633
2023
866
492
194
1284
1145
949
980
128
1541
1467
810
1856
587
1266
290
235
639
1309
553
1251
783
1234
1488
1465
1497
554
708
1988
367
1829
1964
1234
274
1647
2006
1419
427
1548
1578
1382
311
1387
1970
1577
1166
158
169
1963
711
909
699
1945
350
118
883
392
314
312
759
97
1764
1481
371
852
928
1279
889
844
268
421
179
579
1296
102
1644
1950
260
1302
1866
459
164
1892
1660
216
394
1462
641
1559
1781
76
1419
586
492
139
964
1336
407
873
1004
474
122
1106
1606
855
861
1380
802
513
875
648
515
488
352
397
1439
369
1039
951
103
603
1858
177
1095
1997
629
1920
1892
1502
877
319
1625
1471
1926
1139
1814
228
2007
570
742
836
706
745
812
1058
1143
204
1427
1670
644
1018
226
455
684
809
1941
1313
682
1274
257
1047
1594
1370
2007
961
462
1774
1189
1957
1832
1419
746
2026
1653
1559
526
237
1251
1953
1907
1895
413
1621
1839
585
383
1221
1386
554
448
1643
1089
2042
966
1049
444
916
265
1122
827
1585
494
1061
1565
100
1872
1313
1485
1732
649
1386
794
441
1971
1178
1662
799
1220
64
395
262
1594
850
800
1527
1254
553
602
1569
91
1096
584
1656
685
133
1188
510
1446
627
1731
1584
2013
478
2025
1426
1144
1129
178
317
681
68
1763
399
356
1243
1142
909
1845
664
488
383
736
1633
556
870
774
554
1804
889
238
1341
344
717
808
1770
1861
1937
1436
1667
985
1223
1822
873
1579
507
2015
1976
1840
632
417
176
1369
1538
220
1727
266
775
1484
1155
1013
267
987
1218
563
710
521
453
1634
141
1364
1310
934
384
1817
902
313
1611
1022
218
1275
1879
1757
1496
1047
1511
1759
485
107
725
240
1095
1432
803
1293
1953
744
881
744
430
899
1364
1283
1313
1754
1084
877
217
1302
1640
500
1089
1097
2011
289
1070
72
1015
798
655
400
1601
1948
1841
298
270
1888
530
700
228
1552
1511
1339
1259
169
965
1338
1809
503
1327
340
1088
1291
629
112
851
1132
398
1506
1020
2000
896
814
1786
1166
143
1805
1355
1906
1831
860
1370
1123
1608
894
780
526
1721
517
1001
1905
1605
1780
488
1205
585
1108
1604
1579
1617
1045
1963
384
784
1083
1926
1922
1861
739
734
425
1835
1628
693
1849
790
724
319
1791
582
1925
1525
558
571
1598
1155
128
618
725
1173
535
597
1446
1106
613
964
985
2024
779
1212
199
692
489
1827
1386
291
611
1850
133
2024
816
180
548
1902
1335
165
474
826
497
610
1760
1091
712
678
1564
177
945
217
376
1637
706
1691
976
998
1750
527
1097
1554
149
562
1858
329
1110
1714
1664
763
1676
1165
1078
126
1263
791
705
1463
1469
222
1640
1902
439
2016
1493
1146
1149
1957
1632
852
1973
682
1894
75
732
1706
1939
1842
861
1556
490
162
1125
104
1425
1916
809
842
827
519
435
170
958
1940
1151
1592
1042
550
1177
1382
476
1347
1230
377
1978
1363
1238
975
898
1216
625
2023
1320
1380
1617
845
1695
89
769
1354
1047
150
458
81
680
1008
746
972
1582
733
1011
1102
598
430
1953
1324
893
804
493
1518
268
1301
1522
1137
871
1855
273
960
65
1627
1496
1750
1577
383
535
1811
1934
1508
1346
620
2007
402
707
391
308
2031
772
1113
2013
244
869
1267
1254
2006
1627
550
233
540
104
1348
1524
1854
1387
542
191
1923
307
78
872
1653
186
832
893
1223
1852
366
1484
406
332
1728
1275
1087
423
1235
667
461
956
696
565
257
173
1908
1133
716
497
1023
1665
1369
117
1851
154
1661
186
866
1466
552
303
1872
372
1519
1100
1459
1942
1823
1615
1891
220
1799
410
2013
1972
1806
1099
129
1858
1084
640
1476
406
246
768
560
1907
954
1426
1326
994
1729
639
1366
1201
1227
267
584
492
1882
1964
712
1634
1862
166
1047
1621
1265
665
1432
302
793
349
196
1039
605
757
899
1048
1671
1713
2042
842
305
850
1531
1533
1117
1604
1513
952
1521
178
1336
345
1074
910
1098
1227
1830
889
2021
132
1085
1013
225
1330
1913
1273
955
1067
1269
1285
1373
1607
769
347
677
326
1860
1117
1335
1526
1144
624
1359
1706
1534
1946
887
805
788
861
937
1361
1874
651
645
1228
1924
1088
249
634
1861
1110
194
583
945
359
398
758
1476
1221
1772
573
1846
1085
1768
821
984
608
1627
1260
957
574
272
656
707
989
1283
726
656
1097
1836
339
1169
734
698
1055
980
128
229
193
189
1278
1445
338
1750
1541
1453
451
451
946
1026
212
1091
1221
1201
1113
458
1927
1257
1043
1204
1596
165
1938
1783
1220
359
1399
1450
552
1076
966
1319
475
792
510
2016
198
962
1956
1145
1476
121
189
650
1322
790
596
690
1640
1894
1085
1805
1273
821
467
1632
1708
1405
1672
737
324
432
1212
1117
943
670
803
1905
579
1436
822
700
1113
960
1510
1903
1557
153
1904
638
430
1931
761
739
351
346
400
1756
1506
1137
1569
1939
1838
127
835
461
930
181
1040
320
1003
1228
1433
1451
691
1290
961
332
635
1087
1867
553
972
581
1292
1323
415
1692
521
1921
782
1301
573
170
89
522
588
1805
1562
908
249
743
1830
1701
922
561
103
1254
684
1191
562
1237
116
1143
482
927
1558
127
1448
921
397
979
175
459
1149
1800
981
1738
1558
2032
87
1808
216
1917
950
1139
1966
1053
1881
603
197
397
1840
1848
1540
275
729
540
1937
1665
949
1823
598
1124
235
1235
877
1216
926
1924
689
502
1173
906
1907
1611
2045
1827
617
1879
383
303
1764
1712
104
746
1987
321
1286
1366
1987
1723
1142
800
865
1261
1166
1569
1676
531
212
131
1704
1118
2038
1268
604
1818
1373
436
1690
1676
1689
1355
1269
388
783
1078
1162
102
506
838
732
532
1126
1597
1794
245
608
911
264
820
1042
1456
1938
521
165
495
1828
1539
419
1471
656
779
1413
1984
1050
445
1099
641
951
1425
1373
972
505
412
719
750
1020
1118
1015
1328
1648
424
1219
122
590
1202
1950
1617
1109
862
226
659
1129
1128
596
133
1573
1184
774
2012
562
1635
937
1067
1535
1144
1306
508
215
1809
1324
1863
1721
2031
1474
264
1186
865
1369
1784
1216
1084
396
298
165
480
1966
1226
1664
693
679
1715
1817
1617
735
1305
202
1529
1302
418
1291
579
1769
966
564
684
718
1238
1550
975
719
1125
1371
505
778
1340
425
2004
957
606
636
113
376
1741
849
1682
1944
331
425
1850
1623
1004
1060
1056
1745
748
248
736
789
1223
943
1402
936
133
1376
1361
1625
1821
1968
1750
1935
1832
932
225
955
317
1380
120
1667
1873
669
1697
882
1902
1934
618
79
676
1330
1022
1567
854
1958
1700
1718
761
767
1492
170
2005
868
2002
890
1093
911
1208
626
1779
816
1781
1093
973
920
1464
828
807
907
1483
853
1417
1003
1707
817
145
1378
1578
400
312
1748
358
668
1191
736
1250
1590
1432
1876
811
1737
1610
1904
663
483
1321
1492
1290
845
352
215
1186
1770
1218
847
851
1713
1606
739
1513
795
1097
135
1474
1322
1385
1018
707
1214
1317
397
777
1174
1061
749
1984
506
2039
270
346
207
1456
1604
914
256
1632
1253
1458
679
1993
924
962
531
1059
390
1853
397
896
1099
166
399
1365
828
948
67
765
942
1594
523
777
1290
1980
334
157
1724
1455
898
1135
1622
844
538
864
560
416
670
446
1312
672
1545
966
560
351
1794
1508
418
1939
1501
524
669
744
457
491
389
135
1946
1287
758
1010
1620
771
1548
437
1332
1452
1107
1778
717
1268
764
1171
1828
1116
406
777
1022
407
669
476
420
1338
1220
365
1830
1097
2035
1217
338
747
180
1446
1518
1216
1883
291
621
431
1557
826
1699
275
1485
968
879
1892
1234
1901
1787
1903
1866
160
683
527
2001
1625
659
1451
749
328
850
1756
1032
686
1535
1654
1117
1046
1968
258
809
895
1226
1688
740
413
1542
2015
1805
849
1664
1976
1377
1678
1930
955
1680
359
1918
358
1209
1627
1391
1383
603
486
453
1649
1942
199
411
790
1426
1587
1018
1327
571
987
573
1420
604
502
750
235
1920
1193
1403
1951
1552
1274
262
202
342
1653
1585
946
1627
1527
1523
1726
1983
266
593
1523
773
1409
1582
1760
1982
956
317
1973
1194
1846
341
1443
1750
1381
159
2013
1584
501
1107
610
935
688
90
972
1699
1817
396
1965
1898
1407
179
1260
943
1939
684
1899
1744
610
1046
1272
409
875
157
113
210
316
1614
1794
305
674
1892
1241
850
1983
1701
502
1241
1956
580
1457
88
1841
353
1516
478
1740
1213
576
228
1974
985
1103
84
586
801
400
153
705
316
1929
1434
1166
1865
576
1669
547
626
1066
1127
1572
1154
409
1413
623
375
595
1325
951
823
740
1937
1414
824
2011
169
712
118
205
905
434
87
293
1088
1440
357
198
1987
984
1264
556
2044
1907
965
898
2018
1341
1493
784
245
1804
1524
1670
1172
301
1635
829
501
1241
1034
1407
1163
610
1188
204
1545
1938
1479
2017
1155
1523
1502
1015
441
354
987
1270
1335
1771
1004
1093
737
115
1753
526
1238
535
1028
432
1057
1923
1083
1155
552
776
1159
667
79
1556
1822
1090
499
279
1019
853
754
243
1677
478
735
211
703
850
1964
1230
1987
211
2009
485
1622
1046
1641
127
1822
241
1712
442
1855
1221
1752
898
1721
2031
1917
738
1648
1692
705
336
1391
896
675
1308
79
717
736
1825
167
710
1400
1213
304
1527
476
1193
406
1888
1902
1647
227
1064
1119
97
1080
1346
1234
213
1539
1058
1605
388
1733
354
468
1938
579
246
1289
1135
760
1081
615
725
1114
1296
619
443
640
219
670
1704
1339
255
225
638
977
439
130
2036
1532
518
1722
1374
474
1102
1953
721
1161
683
1856
1409
1252
1959
87
319
697
707
250
1337
414
408
482
1753
664
708
1879
1641
635
1497
1118
1655
1504
282
982
1978
1384
377
652
2033
1060
1996
1395
266
1397
971
73
1166
1859
872
1580
220
1354
775
372
1550
95
1502
1673
1593
573
1281
1050
855
217
981
192
594
1122
178
1142
559
1062
896
1956
2033
970
1491
640
270
1851
1708
490
647
436
863
150
532
318
1824
1613
379
546
616
1235
763
1085
915
845
160
582
1476
720
1644
325
117
1118
783
1097
1758
1053
901
907
1544
1036
1344
1895
1187
1364
1701
452
930
1568
998
1034
244
1250
72
1160
1583
1768
1230
1012
441
827
1338
1433
74
1143
632
1128
1533
1539
113
522
324
1496
1197
1688
638
1137
159
1624
581
404
315
654
1052
1898
375
235
864
304
550
1690
1885
1471
1764
470
333
2003
1595
1981
2013
1408
918
652
1049
1556
1789
597
1204
854
1178
1096
1169
1320
1636
1021
1695
1871
1373
1487
1909
1016
1326
1333
221
1796
877
1240
1960
1512
1206
1321
384
1858
1859
1428
1089
1944
73
1943
1075
1169
554
1884
758
1063
1532
70
389
461
1467
893
1787
241
1114
1536
1118
1157
729
520
623
1423
1841
495
723
1141
1923
1812
1038
1485
1196
1602
607
1238
1439
854
254
412
412
643
873
1880
1536
613
1609
92
102
169
737
319
689
1360
1743
483
1343
419
1113
708
1719
104
146
356
1706
241
1595
1098
1095
1849
1511
996
1981
337
317
1470
439
1926
1562
541
253
349
737
1101
709
1933
1999
1822
594
1159
1414
740
1515
1074
981
1063
1660
1565
354
612
288
438
319
1246
877
1733
762
906
1782
503
1255
2007
1092
788
157
978
228
1979
1060
1387
1347
1288
856
1909
1758
1407
1010
1276
1249
1623
766
1537
1085
737
379
771
987
1285
2041
978
494
1490
1558
770
1647
2025
999
1068
1038
1874
1903
280
171
1765
2038
1579
216
755
781
1839
1521
1807
1341
497
1720
306
972
959
1836
1950
941
1279
1461
1199
879
1439
1686
1435
1966
1514
1291
199
1685
497
1725
705
714
1968
975
2041
930
735
1336
977
720
1009
771
1692
1456
560
1595
1885
1327
497
1038
1695
1425
677
1083
1344
1679
328
1031
1318
313
709
2023
1027
118
439
1022
1048
1174
1846
1513
1894
296
237
1027
1753
286
1079
1613
561
70
1261
1986
236
298
771
1915
114
1802
1186
427
1999
651
943
70
1090
1453
1118
1753
1252
584
1088
1548
309
69
742
595
132
1822
1697
181
1380
911
1655
1616
697
379
1485
299
134
112
727
86
251
1158
156
830
564
762
536
1304
834
1624
293
632
1693
1036
1227
1314
299
877
1495
1679
1277
1104
737
1462
971
1710
1762
1106
1822
1977
680
1562
1088
325
345
1140
1087
881
397
1410
1993
690
2042
1128
1214
710
395
1513
1076
1378
634
306
1970
1371
1256
895
1034
971
2001
297
901
122
1859
1477
447
1692
570
1023
526
967
386
473
1146
381
1089
313
1091
1484
1827
120
815
1949
1961
227
1273
1171
1122
1795
1630
564
485
686
1393
1450
1134
526
2021
110
1053
429
496
1014
1575
365
1377
944
1028
645
1065
1331
547
467
1558
1308
1126
121
1056
710
685
589
683
1372
1470
86
459
1997
491
2025
1505
1041
406
1049
371
1350
1565
1016
1903
849
1051
1859
1896
312
938
2017
1368
1648
656
1446
284
2028
869
371
1975
819
1966
1520
1310
1944
1561
256
427
1967
793
798
758
311
1303
615
649
307
427
498
620
1365
468
1476
455
612
875
739
81
1745
598
1529
804
1438
531
548
1865
451
1342
617
698
1141
1920
1313
1790
180
1228
1776
288
198
1765
489
810
593
717
892
291
803
389
1832
809
1407
589
1736
1938
1137
1554
1878
1967
124
529
1062
1532
1330
293
1201
511
1489
1756
1207
523
519
1289
728
899
1068
1019
777
853
1317
137
1442
1006
1563
513
882
1988
126
1411
491
1146
182
785
300
693
808
1278
215
517
1973
226
524
1215
954
912
237
1973
1689
578
731
1314
1509
1737
318
1530
204
1201
959
1865
1451
964
236
1724
1265
417
2020
2031
632
2025
1957
858
502
614
1300
902
339
715
917
1446
1346
1914
1137
1665
885
829
307
1845
647
360
737
1611
84
414
317
502
387
301
622
365
1747
1481
355
1849
222
746
141
937
778
546
1872
78
414
962
1231
787
1791
1026
585
1926
1386
810
1490
959
1224
1296
1461
1099
1085
1571
952
785
493
796
587
716
1542
216
1653
273
763
966
1886
665
1928
558
1452
1160
1584
1526
527
412
289
2018
1371
1002
755
273
1840
1844
495
579
291
1291
654
495
274
871
101
547
1122
556
1922
1787
437
433
680
1086
2018
159
1613
1918
449
1072
730
1451
1827
1003
993
1621
288
1488
1688
579
220
1830
1074
494
654
664
1042
1776
708
917
1004
1145
838
1685
1719
297
1332
774
168
1781
1846
898
673
1115
1389
1667
177
1678
596
1353
1745
817
1136
261
1311
1791
413
1841
1008
1121
199
2013
1754
1038
1139
915
823
424
1689
992
1694
976
1378
320
209
1475
221
1887
1062
1073
330
152
822
1641
1943
1235
1436
392
1844
1635
1893
1040
114
985
1955
938
898
1597
1418
545
237
353
446
1829
1815
1821
1342
831
848
1672
983
1158
1266
367
1882
143
247
1679
1267
94
160
869
1079
68
1807
1465
1153
666
2010
1168
904
317
715
1350
1634
2018
613
417
802
1461
1273
572
796
1128
407
428
1376
1575
1695
1470
1735
517
2037
1292
1813
1456
1933
1967
907
542
824
712
1257
1663
299
1229
229
716
1519
1178
246
234
1238
531
1362
1134
959
179
150
95
1649
1373
100
1128
106
1913
537
2040
1322
1444
535
99
110
1281
1250
1944
1998
967
102
958
1633
1883
1192
313
367
2043
935
1326
1710
1085
1421
801
411
1522
1929
518
876
1954
2046
1686
1351
1274
949
1303
477
335
742
933
437
1701
273
334
320
129
1865
1255
1455
1529
1828
318
283
193
1328
165
199
1692
72
198
1332
911
1755
559
1349
1012
524
1684
1754
945
1609
896
953
